100
115396 115396
152309 152309
188999 188999
225466 225466
261710 261710
297731 297731
333529 333529
369104 369104
404456 404456
439585 439585
474491 474491
509174 509174
543634 543634
577871 577871
611885 611885
645676 645676
679244 679244
712589 712589
745711 745711
778610 778610
811286 811286
843739 843739
875969 875969
907976 907976
939760 939760
971321 971321
1002659 1002659
1033774 1033774
1064666 1064666
1095335 1095335
1125781 1125781
1156004 1156004
1186227 1186227
1216227 1216227
1246227 1246227
1276004 1276004
1305781 1305781
1335335 1335335
1364889 1364889
1394220 1394220
1423551 1423551
1452659 1452659
1481767 1481767
1510652 1510652
1539537 1539537
1568199 1568199
1596861 1596861
1625300 1625300
1653739 1653739
1681955 1681955
1710171 1710171
1738164 1738164
1766157 1766157
1793927 1793927
1821697 1821697
1849244 1849244
1876791 1876791
1904115 1904115
1931439 1931439
1958540 1958540
1985641 1985641
2012519 2012519
2039397 2039397
2066052 2066052
2092707 2092707
2119139 2119139
2145571 2145571
2171780 2171780
2197989 2197989
2223975 2223975
2249961 2249961
2275724 2275724
2301487 2301487
2327027 2327027
2352567 2352567
2377884 2377884
2403201 2403201
2428295 2428295
2453389 2453389
2478260 2478260
2503131 2503131
2527779 2527779
2552427 2552427
2576852 2576852
2601277 2601277
2625479 2625479
2649681 2649681
2673660 2673660
2697639 2697639
2721395 2721395
2745151 2745151
2768684 2768684
2792217 2792217
2815527 2815527
2838837 2838837
2862147 2862147
2885234 2885234
2908321 2908321
2954272 2954272
3000000 3000000
