200
1174 1174
576 576
575 575
574 574
573 573
572 572
571 571
570 570
569 569
568 568
567 567
566 566
565 565
564 564
563 563
562 562
561 561
560 560
559 559
558 558
557 557
556 556
555 555
554 554
553 553
552 552
551 551
550 550
549 549
548 548
547 547
546 546
545 545
544 544
543 543
542 542
541 541
540 540
539 539
538 538
537 537
536 536
535 535
534 534
533 533
532 532
531 531
530 530
529 529
528 528
527 527
526 526
525 525
524 524
523 523
522 522
521 521
520 520
519 519
518 518
517 517
516 516
515 515
514 514
513 513
512 512
511 511
510 510
509 509
508 508
507 507
506 506
505 505
504 504
503 503
502 502
501 501
500 500
499 499
498 498
497 497
496 496
495 495
494 494
493 493
492 492
491 491
490 490
489 489
488 488
487 487
486 486
485 485
484 484
483 483
482 482
481 481
480 480
479 479
478 478
477 477
476 476
475 475
474 474
473 473
472 472
471 471
471 471
470 470
470 470
469 469
469 469
468 468
468 468
467 467
467 467
466 466
466 466
465 465
465 465
464 464
464 464
463 463
463 463
462 462
462 462
461 461
461 461
460 460
460 460
459 459
459 459
458 458
458 458
457 457
457 457
456 456
456 456
455 455
455 455
454 454
454 454
453 453
453 453
452 452
452 452
451 451
451 451
450 450
450 450
449 449
449 449
448 448
448 448
447 447
447 447
446 446
446 446
445 445
445 445
444 444
444 444
443 443
443 443
442 442
442 442
441 441
441 441
440 440
440 440
439 439
439 439
438 438
438 438
437 437
437 437
436 436
436 436
435 435
435 435
434 434
434 434
433 433
433 433
432 432
432 432
431 431
431 431
430 430
430 430
429 429
429 429
428 428
428 428
427 427
427 427
852 852
850 850
848 848
846 846
